-23.452, -47.531, 96.278
-23.49, -45.531, 96.278
-23.545, -43.532, 95.612
-23.664, -41.536, 95.612
-23.833, -39.543, 94.856
-24.042, -37.554, 94.018
-24.346, -35.578, 94.018
-24.71, -33.612, 93.121
-25.144, -31.66, 92.203
-25.661, -29.728, 92.203
-26.292, -27.83, 91.321
-27.02, -25.968, 90.545
-27.853, -24.151, 89.954
-28.797, -22.389, 89.623
-29.853, -20.691, 89.606
-31.018, -19.067, 89.928
-32.284, -17.519, 90.584
-33.64, -16.05, 91.536
-35.078, -14.66, 94.114
-36.578, -13.338, 95.626
-38.122, -12.066, 97.221
-39.694, -10.83, 98.863
-41.281, -9.612, 99.477
-42.867, -8.394, 97.307
-44.435, -7.153, 94.661
-45.971, -5.872, 93.225
-47.459, -4.536, 91.954
-48.883, -3.133, 90.904
-50.23, -1.655, 90.134
-51.484, -0.098, 89.685
-52.635, 1.537, 89.578
-53.674, 3.246, 89.798
-54.599, 5.018, 90.3
-55.41, 6.846, 91.017
-56.113, 8.718, 91.869
-56.717, 10.623, 92.781
-57.232, 12.555, 93.691
-57.67, 14.506, 94.554
-58.012, 16.477, 94.554
-58.285, 18.457, 95.342
-58.51, 20.444, 96.042
-58.661, 22.439, 96.042
-58.764, 24.436, 95.182
-58.831, 26.435, 92.475
-58.834, 28.434, 89.687
-58.732, 30.431, 89.687
-58.545, 32.42, 87.78
-58.221, 34.393, 87.78
-57.719, 36.326, 86.096
-57.104, 38.226, 84.953
-56.294, 40.055, 84.953
-55.302, 41.788, 84.6
-54.175, 43.435, 85.088
-52.903, 44.979, 85.088
-51.448, 46.35, 86.254
-49.897, 47.606, 87.815
-48.259, 48.751, 89.497
-46.524, 49.746, 89.497
-44.723, 50.612, 91.106
-42.883, 51.391, 92.539
-40.996, 52.055, 92.539
-39.077, 52.615, 93.762
-37.142, 53.119, 94.781
-35.182, 53.517, 94.781
-33.213, 53.86, 95.618
-31.234, 54.148, 95.618
-29.245, 54.36, 96.303
-27.254, 54.548, 96.865
-25.257, 54.658, 96.865
-23.26, 54.75, 97.327
-21.26, 54.787, 97.327
-19.26, 54.798, 97.71
-17.26, 54.773, 97.71
-15.261, 54.717, 98.031
-13.263, 54.637, 98.031
-11.266, 54.526, 98.303
-9.27, 54.398, 98.303
-7.277, 54.24, 98.539
-5.284, 54.071, 98.539
-3.294, 53.872, 98.746
-1.304, 53.668, 98.746
0.682, 53.436, 98.933
2.668, 53.201, 98.933
4.651, 52.941, 99.107
6.634, 52.678, 99.275
8.614, 52.396, 99.275
10.594, 52.111, 97.685
12.571, 51.812, 95.05
14.548, 51.509, 92.339
16.524, 51.197, 89.546
18.498, 50.881, 86.663
20.473, 50.561, 83.68
22.446, 50.238, 80.588
24.42, 49.915, 77.372
26.394, 49.593, 74.016
28.369, 49.275, 70.501
30.344, 48.96, 66.801
32.321, 48.66, 62.884
34.3, 48.373, 58.706
36.282, 48.105, 54.207
38.268, 47.864, 49.3
40.259, 47.674, 43.846
42.255, 47.553, 37.609
44.254, 47.568, 30.112
46.227, 47.86, 20
48.091, 48.576, 30.051
50.049, 48.872, 20
51.41, 47.594, 20
51.512, 45.606, 75.795
51.229, 43.627, 90.662
50.809, 41.672, 96.642
50.329, 39.731, 98.872
49.828, 37.795, 99.499
49.329, 35.858, 98.147
48.849, 33.916, 96.87
48.405, 31.966, 95.519
48.012, 30.005, 93.958
47.688, 28.032, 92.035
47.457, 26.046, 89.26
47.348, 24.049, 86.368
47.357, 22.049, 95.227
47.333, 20.05, 96.307
47.255, 18.051, 96.757
47.135, 16.055, 97.511
46.982, 14.061, 98.105
46.803, 12.069, 98.354
46.601, 10.079, 98.771
46.384, 8.091, 98.947
46.152, 6.104, 99.242
45.909, 4.119, 99.366
45.658, 2.135, 99.477
45.4, 0.152, 99.665
45.137, -1.831, 99.744
44.869, -3.813, 99.814
44.599, -5.795, 99.878
44.328, -7.776, 99.934
44.055, -9.757, 99.984
43.782, -11.739, 99.971
43.509, -13.72, 99.895
43.238, -15.701, 99.863
42.967, -17.683, 99.834
42.698, -19.665, 99.834
42.432, -21.647, 99.809
42.168, -23.63, 99.787
41.906, -25.612, 98.239
41.647, -27.596, 95.618
41.392, -29.579, 92.924
41.14, -31.563, 90.149
40.891, -33.548, 87.286
40.645, -35.533, 84.326
40.403, -37.518, 81.258
40.166, -39.504, 78.07
39.932, -41.49, 74.745
39.7, -43.477, 71.266
39.452, -45.461, 67.608
39.168, -47.441, 63.741
38.837, -49.413, 59.623
38.449, -51.375, 55.2
37.983, -53.32, 50.389
37.396, -55.231, 45.069
36.655, -57.087, 39.032
35.642, -58.808, 31.878
34.193, -60.17, 22.612
32.311, -60.775, 35.446
30.331, -60.57, 70.265
28.434, -59.945, 66.785
26.594, -59.162, 62.867
24.766, -58.35, 58.688
22.912, -57.599, 54.188
21.01, -56.985, 49.281
19.052, -56.586, 43.83
17.058, -56.478, 37.602
15.077, -56.718, 30.116
13.171, -57.309, 20
12.132, -57.778, 0
12.132, -57.778, 0
-6.099, -66.002, 0
endData
127
100
200
-23.452, -47.531, -23.452, 1.073, -58.851, -20.494, -58.851, 28.11
-58.851, 28.11, -58.851, 76.714, 36.259, 43.108, 46.786, 48.045
46.786, 48.045, 57.312, 52.982, 47.065, 35.562, 47.345, 23.08
47.345, 23.08, 47.624, 10.597, 43.525, -10.176, 39.706, -43.432
39.706, -43.432, 35.887, -76.688, 25.919, -50.605, 12.132, -57.778
#PATH.JERRYIO-DATA {"appVersion":"0.8.3","format":"LemLib v0.5","gc":{"robotWidth":12,"robotHeight":12,"robotIsHolonomic":false,"showRobot":false,"uol":2.54,"pointDensity":2,"controlMagnetDistance":1.968503937007874,"fieldImage":{"displayName":"V5RC 2025 - High Stakes","signature":"V5RC 2025 - High Stakes","origin":{"__type":"built-in"}},"coordinateSystem":"VEX Gaming Positioning System"},"paths":[{"segments":[{"controls":[{"uid":"NbAbDM5fbG","x":-23.452461447859182,"y":-47.53091805352586,"lock":false,"visible":true,"heading":0,"__type":"end-point"},{"uid":"wAyj8cy6bQ","x":-23.452461447859182,"y":1.0731345562414027,"lock":false,"visible":true,"__type":"control"},{"uid":"JTQiKaHvzi","x":-58.8509971572113,"y":-20.49388909488807,"lock":false,"visible":true,"__type":"control"},{"uid":"hY7cqE5um3","x":-58.8509971572113,"y":28.110163514879197,"lock":false,"visible":true,"heading":0,"__type":"end-point"}],"speedProfiles":[],"lookaheadKeyframes":[],"uid":"KO0ArBueeT"},{"controls":[{"uid":"hY7cqE5um3","x":-58.8509971572113,"y":28.110163514879197,"lock":false,"visible":true,"heading":0,"__type":"end-point"},{"uid":"670coIL0Qr","x":-58.8509971572113,"y":76.7142161246465,"lock":false,"visible":true,"__type":"control"},{"uid":"YEjuKe5tjr","x":36.25927905133742,"y":43.10796417068365,"lock":false,"visible":true,"__type":"control"},{"uid":"nEj3E8Ew88","x":46.785685722802654,"y":48.04512836172486,"lock":false,"visible":true,"heading":0,"__type":"end-point"}],"speedProfiles":[],"lookaheadKeyframes":[],"uid":"G9qVK6ACrx"},{"controls":[{"uid":"nEj3E8Ew88","x":46.785685722802654,"y":48.04512836172486,"lock":false,"visible":true,"heading":0,"__type":"end-point"},{"uid":"RDxm61AAGA","x":57.312092394267886,"y":52.982292552766076,"lock":false,"visible":true,"__type":"control"},{"uid":"SLVuXdD4MD","x":47.065147846823855,"y":35.562486822111225,"lock":false,"visible":true,"__type":"control"},{"uid":"lgqxIMEV5g","x":47.344609970845056,"y":23.07984528249758,"lock":false,"visible":true,"heading":0,"__type":"end-point"}],"speedProfiles":[],"lookaheadKeyframes":[],"uid":"IEoHQpageB"},{"controls":[{"uid":"lgqxIMEV5g","x":47.344609970845056,"y":23.07984528249758,"lock":false,"visible":true,"heading":0,"__type":"end-point"},{"uid":"hLKzM3ZbUk","x":47.62407209486626,"y":10.597203742883934,"lock":false,"visible":true,"__type":"control"},{"uid":"b24wkQqMKz","x":43.52529427588864,"y":-10.176147476025331,"lock":false,"visible":true,"__type":"control"},{"uid":"qybVOgcY3K","x":39.70597858093223,"y":-43.43214023454824,"lock":false,"visible":true,"heading":0,"__type":"end-point"}],"speedProfiles":[],"lookaheadKeyframes":[],"uid":"mAOTqoMmNy"},{"controls":[{"uid":"qybVOgcY3K","x":39.70597858093223,"y":-43.43214023454824,"lock":false,"visible":true,"heading":0,"__type":"end-point"},{"uid":"yVrgNTDKIa","x":35.886662885975824,"y":-76.68813299307115,"lock":false,"visible":true,"__type":"control"},{"uid":"TBM7COyqKm","x":25.919180462552987,"y":-50.60500141775907,"lock":false,"visible":true,"__type":"control"},{"uid":"WAsQFztQ7H","x":12.132382344173738,"y":-57.77786260096989,"lock":false,"visible":true,"heading":0,"__type":"end-point"}],"speedProfiles":[],"lookaheadKeyframes":[],"uid":"DXiW9TNA70"}],"pc":{"speedLimit":{"minLimit":{"value":0,"label":"0"},"maxLimit":{"value":127,"label":"127"},"step":1,"from":20,"to":100},"bentRateApplicableRange":{"minLimit":{"value":0,"label":"0"},"maxLimit":{"value":1,"label":"1"},"step":0.001,"from":0,"to":0.1},"maxDecelerationRate":127},"name":"Path","uid":"HVsvKhc2Mh","lock":false,"visible":true}]}